3 0.171965 0.660634 0.231214 0.0678733 
3 0.171965 0.660634 0.231214 0.0678733 
2 0.226879 0.2681 0.381503 0.0791855 
1 0.131503 0.519231 0.16763 0.0565611 
4 0.17052 0.822398 0.222543 0.106335 
0 0.174133 0.402715 0.25289 0.0588235 
3 0.171965 0.660634 0.231214 0.0678733 
3 0.171965 0.660634 0.231214 0.0678733 
2 0.226879 0.2681 0.381503 0.0791855 
1 0.131503 0.519231 0.16763 0.0565611 
4 0.17052 0.822398 0.222543 0.106335 
0 0.174133 0.402715 0.25289 0.0588235 
3 0.171965 0.660634 0.231214 0.0678733 
2 0.226879 0.2681 0.381503 0.0791855 
1 0.131503 0.519231 0.16763 0.0565611 
4 0.17052 0.822398 0.222543 0.106335 
0 0.174133 0.402715 0.25289 0.0588235 
3 0.171965 0.660634 0.231214 0.0678733 
2 0.226879 0.2681 0.381503 0.0791855 
1 0.131503 0.519231 0.16763 0.0565611 
4 0.17052 0.822398 0.222543 0.106335 
0 0.174133 0.402715 0.25289 0.0588235 
