0 0.133333 0.290043 0.189333 0.0779221 
0 0.165333 0.691558 0.256 0.0844156 
3 0.158 0.693723 0.254667 0.0757576 
1 0.136667 0.542208 0.214667 0.0757576 
4 0.135333 0.827922 0.212 0.114719 
2 0.130667 0.29329 0.181333 0.0714286 
0 0.141333 0.415584 0.2 0.0735931 
0 0.133333 0.290043 0.189333 0.0779221 
0 0.165333 0.691558 0.256 0.0844156 
3 0.158 0.693723 0.254667 0.0757576 
1 0.136667 0.542208 0.214667 0.0757576 
4 0.135333 0.827922 0.212 0.114719 
2 0.130667 0.29329 0.181333 0.0714286 
0 0.141333 0.415584 0.2 0.0735931 
